dta = [
1957.2 8.00157711171657 0.00815850815850805
1957.3 8.01132824312876 0.00693641618497121
1957.4 8.00092846920272 0.00803673938002292
1958.1 7.97462712736608 0.00455580865603644
1958.2 7.98117932392172 0.00453514739229033
1958.3 8.00405422727386 0.00338600451467252
1958.4 8.02717785701907 0.00562429696287969
1959.1 8.04620860118556 0.00447427293064884
1959.2 8.06852199910314 0.00556792873051237
1959.3 8.0692337537147 0.00442967884828338
1959.4 8.07208008688229 0.00661521499448736
1960.1 8.09430426639762 0.00438116100766694
1960.2 8.08889579923307 0.00218102508178841
1960.3 8.09377661555831 -0.00108813928182805
1960.4 8.08085920429057 0.00544662309368182
1961.1 8.08758681370022 0.00216684723726979
1961.2 8.10441913792283 0.00324324324324321
1961.3 8.12343360558445 0.0043103448275863
1961.4 8.14285487890624 0.00321888412017168
1962.1 8.16053367592991 0.00213903743315513
1962.2 8.16952980684663 0.00426894343649953
1962.3 8.181740035356 0.0031880977683314
1962.4 8.18502324665076 0.00211864406779672
1963.1 8.19588015136726 0.0021141649048626
1963.2 8.20703889947583 0.00421940928270037
1963.3 8.22878498872903 0.00420168067226889
1963.4 8.23531955065029 0.0052301255230125
1964.1 8.25618316954816 0.00520291363163383
1964.2 8.26701137862704 0.00103519668737051
1964.3 8.28251360518444 0.00206825232678365
1964.4 8.28559777349033 0.00515995872033037
1965.1 8.30950730247884 0.0041067761806981
1965.2 8.32206088627285 0.00306748466257667
1965.3 8.34405002404096 0.0010193679918451
1965.4 8.36682903365735 0.00509164969450104
1966.1 8.39087980051396 0.00506585612968613
1966.2 8.39429014585026 0.0100806451612903
1966.3 8.4027235354497 0.00898203592814384
1966.4 8.4108937906993 0.00989119683481676
1967.1 8.41971067379375 0.00587659157688547
1967.2 8.42032319573139 0.00778967867575453
1967.3 8.42974004413321 0.0106280193236714
1967.4 8.43725196192695 0.0105162523900573
1968.1 8.45744170080978 0.0122989593188267
1968.2 8.47401174891982 0.0102803738317758
1968.3 8.48173159591853 0.0138760407030527
1968.4 8.48565690924943 0.0145985401459856
1969.1 8.50118676940615 0.0134892086330933
1969.2 8.50422223105175 0.0159716060337178
1969.3 8.5108056343406 0.0139737991266378
1969.4 8.50591685180191 0.0137812230835486
1970.1 8.50443089870147 0.0152931180968565
1970.2 8.50584908971558 0.018410041841004
1970.3 8.51502263746745 0.0131470829909615
1970.4 8.50424836754076 0.0162206001622058
1971.1 8.53104599671092 0.00957701516360743
1971.2 8.53644252842067 0.0102766798418972
1971.3 8.54463869425161 0.00860719874804383
1971.4 8.54699371201436 0.00543056633048877
1972.1 8.56521620425747 0.00848765432098775
1972.2 8.58766004272766 0.00765110941086444
1972.3 8.59705963740275 0.00759301442672755
1972.4 8.61366560465646 0.00527505651846272
1973.1 8.6381124595059 0.00749625187406289
1973.2 8.64894014287221 0.0104166666666667
1973.3 8.64366723946446 0.0103092783505154
1973.4 8.65311472537588 0.0167638483965014
1974.1 8.64447990153401 0.0157706093189964
1974.2 8.64685385241534 0.0261115031757233
1974.3 8.63735756720796 0.0343878954607977
1974.4 8.63346860228839 0.0292553191489362
1975.1 8.62122089928022 0.0213178294573642
1975.2 8.62834092875567 0.0158127767235927
1975.3 8.64531266599474 0.0130759651307597
1975.4 8.65868789256701 0.0172095881991394
1976.1 8.68092638339884 0.0187311178247735
1976.2 8.68823655447052 0.0136417556346382
1976.3 8.69370875936249 0.0163838502047982
1976.4 8.70093107807469 0.0138169257340242
1977.1 8.71267674781272 0.0164679159568426
1977.2 8.73193127556065 0.0162011173184358
1977.3 8.7498139319668 0.0142935678944476
1977.4 8.74983580345974 0.013550135501355
1978.1 8.75302249721557 0.0176470588235293
1978.2 8.79093707707664 0.0204939569101419
1978.3 8.80094208906699 0.0216271884654993
1978.4 8.81429401781565 0.0221774193548387
1979.1 8.81609024026436 0.0231755424063118
1979.2 8.81715895941609 0.0236144578313251
1979.3 8.82456023718442 0.0258945386064031
1979.4 8.8270578509295 0.0302891234511242
1980.1 8.83019806808983 0.0369710467706013
1980.2 8.80937806104383 0.0335051546391754
1980.3 8.80818886781356 0.0149625935162094
1980.4 8.82666635403733 0.0311220311220313
1981.1 8.84607123644976 0.0234312946783162
1981.2 8.83863286018262 0.0221187427240976
1981.3 8.8505369680772 0.0337889141989369
1981.4 8.83958171652398 0.0194638266617702
1982.1 8.82392437204584 0.0122478386167149
1982.2 8.82847596346514 0.0185053380782918
1982.3 8.82464568476322 0.0167714884696015
1982.4 8.82504502964297 0.00343642611683848
1983.1 8.83813749121945 0.00616438356164384
1983.2 8.86063848821692 0.00987066031313821
1983.3 8.8804319860764 0.0124705089315806
1983.4 8.90107954384563 0.012982689747004
1984.1 8.9204386378972 0.0138021689122576
1984.2 8.93756898074015 0.0123176661264182
1984.3 8.94716344738989 0.0124879923150818
1984.4 8.95533856795943 0.0101201771030992
1985.1 8.964982780746 0.0109580463368815
1985.2 8.97374880001733 0.0105295757200372
1985.3 8.98890461155661 0.00888752681581373
1985.4 8.99631004381249 0.011543134872418
1986.1 9.00560178049941 0.0108108108108109
1986.2 9.01009550805713 0.00831847890671433
1986.3 9.01962032639905 0.00942840306423087
1986.4 9.02497671267697 0.00963222416812615
1987.1 9.03240080024664 0.00809482509395787
1987.2 9.04313199359217 0.012044737596788
1987.3 9.05177069273719 0.00935109096061204
1987.4 9.0687954710747 0.0115103874227962
1988.1 9.07394843474948 0.00971412711629194
1988.2 9.08700154394732 0.012094557449148
1988.3 9.09284373280441 0.0111352525801194
1988.4 9.10608069461792 0.0120870265914585
1989.1 9.11619539306156 0.0106157112526539
1989.2 9.12379910265045 0.0107668067226891
1989.3 9.13118059940071 0.00961288646401659
1989.4 9.13314912834549 0.012094698919197
1990.1 9.14401775361654 0.0127129417747267
1990.2 9.14764026658301 0.0130554858147127
1990.3 9.14830527465669 0.0148698884758365
1990.4 9.13915978776131 0.0114774114774114
1991.1 9.13447037143874 0.0144857556735876
1991.2 9.14223731876921 0.00904331270823433
1991.3 9.14727756144191 0.0108490566037736
1991.4 9.15075648965248 0.0093327111525896
1992.1 9.16265592627471 0.00878409616273701
1992.2 9.17344109021479 0.00870760769935841
1992.3 9.18327529481603 0.00772376192639701
1992.4 9.19365290751794 0.00901713255184844
1993.1 9.19532551101343 0.00871313672922258
1993.2 9.20113281220027 0.00841638981173864
1993.3 9.20589460417926 0.00593015594113777
1993.4 9.21940407226485 0.00786026200873358
1994.1 9.22905947129141 0.00649913344887354
1994.2 9.24251894350703 0.00688764528626784
1994.3 9.24834707929172 0.00748182984181267
1994.4 9.25973720922514 0.00636537237428381
1995.1 9.2632784928946 0.00843348091924945
1995.2 9.26625746013454 0.00815387831904646
1995.3 9.27472825676867 0.00663625051845718
1995.4 9.28149551739635 0.00700453234445808
1996.1 9.28895707877821 0.00675122749590829
1996.2 9.30549799468972 0.005893111156269
1996.3 9.31442791775154 0.00646464646464651
1996.4 9.32475819609898 0.00642312324367711
1997.1 9.33119309132895 0.00578380534503387
1997.2 9.34767650488804 0.00634542930795168
1997.3 9.36010740048544 0.00433497536945815
1997.4 9.36865889711417 0.00568962134588968
1998.1 9.37860407859779 0.0060476004682013
1998.2 9.3878195567215 0.00562342447159203
1998.3 9.40026743345798 0.00597763208638646
1998.4 9.41629707186757 0.00555875023960128
1999.1 9.42571728085324 0.00438429279450991
1999.2 9.43337943783198 0.00474473334598602
1999.3 9.44639106658085 0.00528900642236496
1999.4 9.46324410331232 0.00563697857948142
2000.1 9.46685517704965 0.00653961136023917
2000.2 9.48500118459548 0.00631149062558012
2000.3 9.48633584638491 0.00664084117321528
2000.4 9.49254542289112 0.006047278724574
2001.1 9.48968957228292 0.00728597449908941
2001.2 9.4955181112016 0.00614828209764906
2001.3 9.49135909353242 0.00682961897915169
2001.4 9.49407910467346 0.00660478400571241
2002.1 9.50278622956413 0.00549742862209612
2002.2 9.5088252830802 0.00511463844797189
2002.3 9.51326114341754 0.00526408141779267
2002.4 9.51480817251558 0.00453831384185732
2003.1 9.52034050830036 0.00330147697654204
